Trajectory: 2 2  Distance: 2.828427 
Trajectory: 0 5  Distance: 5.000000 
Trajectory: 10 4  Distance: 10.770329 
